1000
4289383 3607517
1692777 263369
7747793 3300491
9885386 3882163
6516649 545911
5202362 821089
3368690 9732559
4897763 5179481
5180540 8224781
4089172 2992733
5005211 8408891
4702567 5490739
6465782 5671117
8722862 5766977
5174067 2380387
1513929 4350761
5634022 5573917
9133069 1318703
9961393 3446137
8175011 4979467
1176229 8472977
9484421 8280763
8413784 9083479
4575198 6727447
9798315 5808899
9566413 619309
2776091 967763
1759956 3669487
7806862 6835051
2906996 8763893
1702305 4274393
7477084 5934031
2660336 1309999
5750846 6044477
661313 6251989
1616124 9232117
9819582 654727
8898814 6250877
515434 4331273
4344043 419789
7171087 2935213
5117276 8149007
695788 4070119
1705403 7807903
2392754 8579761
3999932 825059
1549676 6601033
3947739 6451873
5636226 7792313
9348094 6449693
6140795 3785071
651434 2263519
7097467 106903
6710097 7768699
573317 1767037
7926652 4774793
9997301 6074447
2724286 5877791
4953865 8496893
4228444 1729127
1558440 3665413
3958031 3309149
4738097 2937283
9834481 1897681
120709 2533127
1704567 4924943
5179497 7678327
7254586 8125267
9455306 9742597
2406219 5596471
51528 955967
2805732 3244499
8409503 7072963
3258270 4331357
9959708 137029
3226340 9623249
747796 9102893
7142618 7818649
122846 2849173
892921 6399311
1192379 5180471
1537764 9241367
7469841 2310193
1165193 4058063
2757034 6597953
9470124 7021519
8936987 7388959
5373743 8346251
322227 6675181
709859 7001597
1151432 2440643
4316437 4023889
6153275 9691697
9901474 629623
3468858 2075263
9036029 8637103
5908235 2004839
6065818 3823349
9366143 1867771
5335928 3420427
3318776 4855699
9964443 3103151
2114613 8014129
2118606 427451
9002904 7832963
5235128 4914277
1797369 3943153
4569917 9003517
6043324 8119337
9259470 6552781
298490 240769
6689772 1204471
1385644 6397399
4617505 379097
2502954 6826747
7907669 565427
2308542 1392901
3110197 4160591
759355 8922107
9376348 7709089
573622 5559649
4949299 3906697
9195746 8936771
5354340 363179
9023311 9606101
7267605 4089143
5425661 5560421
8044878 5398331
9229320 752303
79444 3929267
7648522 6656059
2586708 2872369
3408282 1833343
9412924 1106233
3442062 9004939
8962600 4314181
8433452 8617171
1419379 1206013
5947468 8434523
7900973 1302493
3903881 5403329
6808933 1045129
4158660 4466941
8657199 3542753
2548899 9500651
152959 67369
4272813 9403099
5187190 7801631
952926 7180193
4365084 9065513
8422090 1281211
3443376 1082317
9755936 8921989
9517445 846247
6669179 926567
5706887 2004097
5103348 4683853
7451659 8042407
2402336 3185803
5166342 1618049
9878206 2815529
2697713 2223113
575321 8177219
6864819 6968263
7517721 2492111
955939 1813673
7073940 6320233
5311705 3826297
6811127 9041867
7565984 5933423
4763920 3917261
1602422 3235069
821396 4731733
1645630 5082773
7679292 6550177
3207672 7839371
4647625 5432699
6741222 1772923
6306640 7240613
1783898 5927027
7352298 1740119
2280524 3784169
4688209 4362601
6288819 6940589
4937732 9778031
7495994 6861629
2160379 4515113
2085273 2825413
668850 5070071
8721860 8061653
5575579 1896001
8421993 4731733
2867621 2885107
7962504 4611067
3801961 2433127
8031326 3544531
7518944 5520947
613202 6048013
2936784 2295547
6222842 517901
5789528 2930999
2608872 2611879
7849958 4526479
3448036 7567319
3457753 7320461
9383303 8611667
9132133 4907687
1772890 3700903
517567 3513511
3690368 1730431
4514500 6182483
5473788 7529903
7066249 125651
9273303 2256539
5505363 3600463
2910253 8056099
4247686 7230647
1761152 1364617
5245975 74507
5649157 8737657
9895436 8177207
253414 3490867
7870460 4050821
6060028 4602347
4278050 9631873
2707556 933019
6504794 9076933
5858699 8064941
9301039 2464577
6090428 4902917
3144500 6770501
8617647 138739
7036159 3772193
4522535 9598861
8104339 7458833
3502215 8177759
7720504 9012007
2060049 2204177
8298285 2617429
6495343 7905847
2903177 544273
3885238 8483609
2416949 4223507
5495367 1997161
7392292 445589
9040743 255839
3102829 3559337
2961682 1319377
553541 8777303
7453826 8462761
172261 2455907
1690360 5237987
7228023 5209943
6000081 8173423
6903190 1567513
618996 704003
4214677 1784231
1730690 5148713
6764524 9257029
8349614 186877
1328205 1360507
9726312 6873571
7565100 7535917
9602726 6153809
5204916 6075457
4325578 9527857
528946 4626871
8302647 3628397
4799051 9483407
5799631 4960499
1830857 1396273
6541312 3175343
3439214 4915241
5193512 2970629
8014412 2750453
1909610 7289327
5966189 7020547
8806355 9611143
9356620 9604037
9198987 7837267
498338 3766121
7487770 7894631
2056856 9056713
1300606 5562169
5125849 7032973
6107205 9581683
6035217 117041
8034945 1866233
3436873 1651219
4710873 6143513
1804289 5137459
5826607 2326183
772757 4601759
6334471 3735167
591100 1132507
9723618 3248209
9058025 5831659
4633074 670049
5518157 6362999
3003493 3206239
2150270 541
9833417 173
6475569 311
9592622 499
6813173 223
8396431 307
7056682 467
7304292 479
405057 53
2491521 271
7588574 479
7701947 239
2659231 79
1110537 179
9685054 127
4654098 101
4541081 59
5453516 5
7972231 173
6161796 11
6982338 419
3719218 79
1113970 307
2184812 409
3494977 443
7831536 11
8924176 433
9279207 281
2684857 197
8193499 37
4820127 233
4105236 283
8867818 13
1910563 229
5321244 37
2441805 149
4163291 383
7058955 47
9433589 347
8128993 67
5352805 431
5544822 431
3126717 127
7393093 379
5930126 491
7981486 251
9150543 379
827814 43
3178179 397
5674762 383
1427088 71
2335710 137
5710294 61
2300346 151
171137 479
9605153 193
7922573 109
9600925 479
1606710 67
7477217 157
3396963 263
8087090 277
9078130 11
2198571 293
2269633 443
3104789 373
7422604 239
719805 233
6267868 7
9809485 17
4882195 173
1762949 73
5380967 103
5386763 397
9890596 421
5140865 283
9039036 263
7367770 67
2859211 191
2822532 509
8872379 79
258270 439
1984172 107
244234 179
6147283 367
5307398 127
1101063 223
5366950 127
9050573 47
4086059 83
4334047 97
3045082 151
3171232 11
3122954 193
1511898 449
1775640 401
2489159 307
6579262 433
5161041 227
3341723 97
9126272 83
3054154 151
6335821 271
6509365 223
9791171 389
5960269 67
538701 7
8214653 139
950907 281
356728 17
8715797 73
2647084 23
6315334 523
7110991 389
8298898 53
3501052 359
9718189 281
7552506 31
6409016 97
3073109 173
6190000 401
1958109 251
8655081 47
1871338 463
3859426 337
2685147 89
4876787 131
4496532 83
5991281 383
3384850 409
2776590 257
1715350 131
4873813 271
181494 421
4046081 7
9015720 139
2087982 421
8397487 53
2679296 101
1065404 83
2296892 239
9730297 137
9599134 421
9798506 53
7367057 23
9780595 541
1601962 521
4987483 389
1480154 397
9191309 457
8939932 431
7195021 331
813563 283
3303682 37
6577685 449
1464285 127
8635990 433
8297314 389
6954116 73
4641892 101
2095528 173
5997525 467
7451136 283
789618 193
6770337 109
6706582 79
8904310 263
8270888 101
1126815 353
4643437 251
6560008 83
8011783 233
7918657 521
5063827 103
5221269 359
826651 229
5660910 109
1630639 523
9241888 31
4392393 397
3833890 389
3355199 241
5716931 457
3988777 541
3100657 331
5980952 61
6172641 151
6389368 523
1118184 503
596776 13
1875266 109
5088954 109
9580308 491
2997278 521
572555 367
5650774 199
9105000 101
7760997 433
1348412 107
3198382 79
1914693 149
5542439 149
3888421 281
2894985 271
4101354 293
2778762 367
5431541 59
5761852 233
5203662 431
4650399 61
6765154 373
799015 17
839851 313
2324790 311
1842491 367
7970037 163
5318859 109
2460871 419
6976987 269
5646590 181
9363970 241
8487665 37
6093069 61
9707361 433
4541351 41
7689300 17
6191638 337
8709364 463
8481032 257
9736104 383
7173679 181
5513412 167
2034969 157
2416170 269
4762844 283
806649 47
7104465 47
8822326 449
4260183 173
6026969 151
4520152 79
824393 467
3737289 29
8359631 373
1284264 151
4074548 503
5801877 43
1666833 523
8994949 263
7465155 491
3578468 269
8600960 139
8998823 449
5413171 277
7585677 179
3593245 421
5872761 467
4350323 233
5384100 257
3361075 313
1622042 97
5742659 71
8456289 197
6693469 167
3741551 389
2025383 71
3963133 193
8619304 269
8765981 383
7753666 37
6188967 41
9990192 113
6380902 347
2388131 5
8583174 19
9049718 59
3801183 397
8245487 367
3734573 271
525062 101
9813933 521
5412496 67
3793141 251
8271726 379
9596980 491
543485 227
7272305 127
8564029 281
6406898 283
6134562 97
7317719 419
5911641 5
793010 419
4092726 433
728789 179
1803708 89
8500938 271
5852493 131
2780710 73
6385905 467
1049613 6338009
8963638 4983443
8079421 7960333
6207829 1267291
1096180 9474523
9209095 7455983
2843024 5845417
4749154 9321833
9010569 1421603
5979969 1506619
8492373 9344563
5498433 7220999
1932587 6359723
3620094 4728497
5291499 4377509
5007339 5499311
7551742 7178953
3312086 3873713
2231349 6248251
8950186 6974531
2495011 4466747
5874133 3902881
5812722 1456127
5806773 3452237
2881519 1356643
2495354 6719371
1103124 2725127
8016259 2154749
2677418 1306339
9981712 737767
9558705 1701179
9342733 3607787
5992734 3873041
9774315 7671637
4691087 118861
1100669 6001609
4916487 2568871
7556837 1988599
5598089 3647263
2585205 4097263
7666704 7813087
9402557 9508099
2623403 8567561
3321892 6850637
2571522 9273013
8302443 9383789
5325361 7508191
6273378 3370009
7332700 7721921
5574882 5250617
2804899 2701339
5242589 2658793
1650353 8544253
9966948 6651133
5163036 7500631
5277107 956689
3665417 5332087
4115921 2817499
2098480 9116423
3105994 7350121
6774123 961747
2832933 2600627
6086317 165103
5933931 3432707
2186709 4235351
7959156 2416301
4217069 3735299
9712995 9779101
5001171 7121347
8148569 1518149
9264801 779021
9026652 6909659
7105340 68917
5251743 7119131
6613091 9932707
8906527 729389
5798878 8165767
8003050 2725153
3362124 6601163
4304213 9680501
2478499 2176301
2056794 5050631
4465115 4256933
4079342 5379251
8482437 1189801
5663198 3033187
8169939 6588551
2226513 5148203
4865128 3392111
1511804 2459497
7352346 3758663
1898138 1042733
8190495 3630967
4036421 7199323
4387226 739051
3134158 8425237
3120356 9397393
5077645 6087437
2993446 8476843
8568111 2068279
7417603 5588551
6255825 2042609
9470216 9037871
4379174 5810869
3960596 6720437
2846267 2649547
2342013 5213927
6980519 9765211
4194650 4653017
8117832 2881261
5390279 3947899
6963953 1987543
7959295 8500433
4096107 576727
3714937 6809347
4944976 6950527
7444584 1523941
5720083 8409179
2199492 3375289
4766496 6520747
2022939 6187319
3505735 7897271
7389873 232937
9930164 4041781
2052251 1302253
2682751 3862063
2816339 1982639
3953165 2228321
9688302 1231697
7761079 4281157
1262547 5656723
1568484 4076027
9939561 3923233
4621931 1369499
3420528 3675479
9815494 4673741
8517543 4208131
4841123 1618613
9840187 7146707
4524643 6348971
9851988 6509501
1851320 918443
4854098 3316267
3993018 6088141
8886463 9859673
8494695 6345853
6976505 5376277
6856142 9924457
8868098 209659
2571472 3913391
3382853 6149551
3764797 7516471
8224547 8510839
4840516 1918607
9409912 1966561
6989877 4481599
4572553 2240731
8962932 4128283
6162035 2260267
4518107 3933199
3710049 1005359
7713861 4431641
5592334 8059537
4635325 2886239
8564428 9183439
3781763 9184283
2110115 6218647
9880381 9493703
2185185 6202159
5432100 7342369
6602408 3236269
4373349 506663
7295879 7587227
6634316 4927201
8808585 8734993
2022765 9118019
1197930 2958311
9237892 3093383
3306629 1379201
1799752 6210817
3596366 293071
4367395 9497233
4644428 9047719
2073847 4693427
2485026 7132577
9941062 3533839
5960629 4082933
6295100 3083189
4683397 9410561
9230775 2069549
1114544 831851
3043320 1184837
3506518 8359391
7651794 8640883
3187134 4094131
4716908 7273901
3033062 7188191
7522686 4399987
5848432 5804377
9539807 1432021
8618834 4905337
8453596 545899
9827984 9862049
9352324 8001347
8194465 5420983
8519716 7088401
9869343 4789123
8654187 3716887
9360602 9927893
9705360 70913
9273879 4147457
8363941 1899589
8022924 4245413
8017135 1137677
8483162 2686603
8753870 3585289
8554163 4725199
9197811 7089319
8472515 4858349
8926234 3574013
8682290 8855039
9008693 409397
9525339 9712349
9927494 458009
9485213 7037029
9466382 3356567
8571475 8105599
9098738 9921619
9716951 2298641
8014811 9791687
9189168 7182299
8334813 2995459
8492499 1101937
9674535 207079
9115464 8938817
8148346 195869
8563072 1545811
8865740 4767067
9852623 1617743
8007057 4015939
9458793 2573833
8613281 3510883
9820114 152039
9657371 6703271
9860596 7946843
8769883 1170137
9473567 6721177
9825800 699443
9153674 8136283
9447433 969667
8617457 8248739
9615949 8196953
9785523 8670107
9785292 8058877
8307629 1794913
9492335 2502407
9782140 3199223
8313043 8951141
8850339 6601381
8172025 2730979
9191653 5481727
8277052 3128599
8562957 8555759
8631287 7206347
8119540 1699177
9534826 576523
8707205 9569401
8433878 6782441
8665169 5216921
8647227 1827829
8011520 571969
8739221 8817871
9277883 7772777
9912267 4141079
8055382 6750407
9355511 5898689
9542553 4606367
8428608 1594871
8251768 227159
9371198 6777077
9654968 7208351
8141009 5393653
9089503 9786379
9371254 1652993
8794057 692743
9243823 9243713
8674396 5072993
9631942 8750737
8068012 9159599
8596855 860927
8144854 3468163
8403134 1676561
8101281 9742679
9341973 4962677
9891638 5799691
8273413 5168311
8651899 2688817
8941484 3205777
9505661 3029381
8528780 940649
9363923 2153773
8138000 8713349
8272000 4909781
8506952 3785227
9830504 3706369
8979759 3364681
9572525 8693173
8179117 5739541
8214636 5582011
9059560 4913273
8750614 9880373
9201937 4632457
8263748 4457771
8176620 8608759
9488863 189509
9101832 5006741
8478004 6591953
9407458 3219889
9526127 4531829
9606368 9375943
9534569 2358049
9848341 5909119
8485374 4889257
9813605 6278543
8064901 2991103
9838989 2190541
8722490 5075099
9250732 9027517
9700699 1990829
9272000 966521
9165457 577637
8042348 1485559
8130017 6818629
9426169 9035497
9880569 9223259
9529128 3384697
8135018 7996871
9038585 6176069
9921280 8309687
9836754 3602149
8241707 7462753
9834400 7789253
9233021 128599
8466788 5853277
9545190 7778389
8639634 1255153
9145325 117617
8870461 5559473
8648142 1255693
9964191 8522309
9845520 2131
8976554 3889
9387142 3529
8600930 2927
9900034 5147
8327308 499
8629780 5381
8138644 6163
8279545 6011
8796522 457
9376925 929
9051735 4441
8634492 3967
8830296 7793
9251530 6481
8844049 239
9320512 7547
9077589 4903
8868448 6781
8532428 3457
8632557 461
9426576 2273
9537797 1381
9125139 5231
8687005 47
8674782 1847
8390523 6761
8135236 53
8681417 6871
9340353 1987
8792724 5741
9546350 1489
9037710 1913
9337242 937
9335164 89
8674641 5471
9762111 4139
9746410 1663
8182790 7019
8149955 857
9825916 463
8482781 3079
9583958 61
9757806 2579
8099901 3671
8714674 7717
8315265 2593
8038566 7699
9917669 953
9259134 6397
